"Participant"	"Condition"	"Hands"	"SOA"	"wInt"	"wExt"	"PopInt"	"PopExt"	"taskInt"	"taskExt"	"Actual"
1	"A"	"Crossed"	-0.4	14.6	9.9	1	1	1	1.3	0.333588311069609
1	"B"	"Crossed"	-0.4	14.6	9.9	1	1	1	1.3	0.266588629996094
1	"A"	"Uncrossed"	-0.4	14.6	9.9	1	1	1	1.3	0.210153567507958
1	"B"	"Uncrossed"	-0.4	14.6	9.9	1	1	1	1.3	1.69030428290539e-05
1	"A"	"Crossed"	-0.2	14.6	9.9	1	1	1	1.3	3.47255536308974e-05
1	"B"	"Crossed"	-0.2	14.6	9.9	1	1	1	1.3	1.67683602027238e-05
1	"A"	"Uncrossed"	-0.2	14.6	9.9	1	1	1	1.3	0.132388873542065
1	"B"	"Uncrossed"	-0.2	14.6	9.9	1	1	1	1.3	0.111055966711408
1	"A"	"Crossed"	-0.05	14.6	9.9	1	1	1	1.3	0.0801729121728123
1	"B"	"Crossed"	-0.05	14.6	9.9	1	1	1	1.3	5.54485247227949e-05
1	"A"	"Uncrossed"	-0.05	14.6	9.9	1	1	1	1.3	0.000101029193907773
1	"B"	"Uncrossed"	-0.05	14.6	9.9	1	1	1	1.3	5.11856577634538e-05
1	"A"	"Crossed"	0.05	14.6	9.9	1	1	1	1.3	0.414352745557622
1	"B"	"Crossed"	0.05	14.6	9.9	1	1	1	1.3	0.376131686010421
1	"A"	"Uncrossed"	0.05	14.6	9.9	1	1	1	1.3	0.340290482497918
1	"B"	"Uncrossed"	0.05	14.6	9.9	1	1	1	1.3	0.0040945316589926
1	"A"	"Crossed"	0.2	14.6	9.9	1	1	1	1.3	0.00585841818556675
1	"B"	"Crossed"	0.2	14.6	9.9	1	1	1	1.3	0.00407825290571073
1	"A"	"Uncrossed"	0.2	14.6	9.9	1	1	1	1.3	0.280900342583616
1	"B"	"Uncrossed"	0.2	14.6	9.9	1	1	1	1.3	0.261149993915751
1	"A"	"Crossed"	0.4	14.6	9.9	1	1	1	1.3	0.227936450573216
1	"B"	"Crossed"	0.4	14.6	9.9	1	1	1	1.3	0.00739154134428197
1	"A"	"Uncrossed"	0.4	14.6	9.9	1	1	1	1.3	0.00995180186690432
1	"B"	"Uncrossed"	0.4	14.6	9.9	1	1	1	1.3	0.00710377372438877
2	"A"	"Crossed"	-0.4	14.1	8.9	1	1	1	1.3	0.478388473556859
2	"B"	"Crossed"	-0.4	14.1	8.9	1	1	1	1.3	0.468417105219812
2	"A"	"Uncrossed"	-0.4	14.1	8.9	1	1	1	1.3	0.458719181342836
2	"B"	"Uncrossed"	-0.4	14.1	8.9	1	1	1	1.3	0.202054957306717
2	"A"	"Crossed"	-0.2	14.1	8.9	1	1	1	1.3	0.216955035139125
2	"B"	"Crossed"	-0.2	14.1	8.9	1	1	1	1.3	0.201893776591609
2	"A"	"Uncrossed"	-0.2	14.1	8.9	1	1	1	1.3	0.441518887561839
2	"B"	"Uncrossed"	-0.2	14.1	8.9	1	1	1	1.3	0.435363708196971
2	"A"	"Crossed"	-0.05	14.1	8.9	1	1	1	1.3	0.424335648957451
2	"B"	"Crossed"	-0.05	14.1	8.9	1	1	1	1.3	0.227057740603261
2	"A"	"Uncrossed"	-0.05	14.1	8.9	1	1	1	1.3	0.240489083050889
2	"B"	"Uncrossed"	-0.05	14.1	8.9	1	1	1	1.3	0.225307507085072
2	"A"	"Crossed"	0.05	14.1	8.9	1	1	1	1.3	0.521611526443141
2	"B"	"Crossed"	0.05	14.1	8.9	1	1	1	1.3	0.531582894780188
2	"A"	"Uncrossed"	0.05	14.1	8.9	1	1	1	1.3	0.541280818657164
2	"B"	"Uncrossed"	0.05	14.1	8.9	1	1	1	1.3	0.797945042693283
2	"A"	"Crossed"	0.2	14.1	8.9	1	1	1	1.3	0.783044964860875
2	"B"	"Crossed"	0.2	14.1	8.9	1	1	1	1.3	0.798106223408391
2	"A"	"Uncrossed"	0.2	14.1	8.9	1	1	1	1.3	0.558481112438161
2	"B"	"Uncrossed"	0.2	14.1	8.9	1	1	1	1.3	0.564636291803029
2	"A"	"Crossed"	0.4	14.1	8.9	1	1	1	1.3	0.575664351042549
2	"B"	"Crossed"	0.4	14.1	8.9	1	1	1	1.3	0.772942259396739
2	"A"	"Uncrossed"	0.4	14.1	8.9	1	1	1	1.3	0.759510916949111
2	"B"	"Uncrossed"	0.4	14.1	8.9	1	1	1	1.3	0.774692492914928
3	"A"	"Crossed"	-0.4	15.4	9.3	1	1	1	1.3	0.585647254442379
3	"B"	"Crossed"	-0.4	15.4	9.3	1	1	1	1.3	0.623868313989579
3	"A"	"Uncrossed"	-0.4	15.4	9.3	1	1	1	1.3	0.659709517502082
3	"B"	"Uncrossed"	-0.4	15.4	9.3	1	1	1	1.3	0.995905468341007
3	"A"	"Crossed"	-0.2	15.4	9.3	1	1	1	1.3	0.994141581814433
3	"B"	"Crossed"	-0.2	15.4	9.3	1	1	1	1.3	0.995921747094289
3	"A"	"Uncrossed"	-0.2	15.4	9.3	1	1	1	1.3	0.719099657416384
3	"B"	"Uncrossed"	-0.2	15.4	9.3	1	1	1	1.3	0.738850006084249
3	"A"	"Crossed"	-0.05	15.4	9.3	1	1	1	1.3	0.772063549426784
3	"B"	"Crossed"	-0.05	15.4	9.3	1	1	1	1.3	0.992608458655718
3	"A"	"Uncrossed"	-0.05	15.4	9.3	1	1	1	1.3	0.990048198133096
3	"B"	"Uncrossed"	-0.05	15.4	9.3	1	1	1	1.3	0.992896226275611
3	"A"	"Crossed"	0.05	15.4	9.3	1	1	1	1.3	0.666411688930391
3	"B"	"Crossed"	0.05	15.4	9.3	1	1	1	1.3	0.733411370003906
3	"A"	"Uncrossed"	0.05	15.4	9.3	1	1	1	1.3	0.789846432492042
3	"B"	"Uncrossed"	0.05	15.4	9.3	1	1	1	1.3	0.999983096957171
3	"A"	"Crossed"	0.2	15.4	9.3	1	1	1	1.3	0.999965274446369
3	"B"	"Crossed"	0.2	15.4	9.3	1	1	1	1.3	0.999983231639797
3	"A"	"Uncrossed"	0.2	15.4	9.3	1	1	1	1.3	0.867611126457935
3	"B"	"Uncrossed"	0.2	15.4	9.3	1	1	1	1.3	0.888944033288592
3	"A"	"Crossed"	0.4	15.4	9.3	1	1	1	1.3	0.919827087827188
3	"B"	"Crossed"	0.4	15.4	9.3	1	1	1	1.3	0.999944551475277
3	"A"	"Uncrossed"	0.4	15.4	9.3	1	1	1	1.3	0.999898970806092
3	"B"	"Uncrossed"	0.4	15.4	9.3	1	1	1	1.3	0.999948814342237
